"State","STATE","H_ED","SEX","TOT_IN","PEARNVAL","HEA","UNEMP_RATE","URB_PER","TAX_RTE"
"Alabama",1,40.6880546075085,1.4901023890785,20.2873720136519,53026.1242320819,2.05255972696246,6.4,59,0.04
"Alaska",2,40.7478091528724,1.47517039922103,21.1002921129503,55886.0963972736,2.08081791626095,8.3,66,0
"Arizona",4,40.4812680115274,1.46974063400576,19.671469740634,53094.3198847262,2.06268011527378,7.8,89.8,0.056
"Arkansas",5,40.7474429583006,1.49409913453973,19.6066089693155,52964.7985837923,2.1243115656963,6.2,56.2,0.065
"California",6,40.6201814058957,1.46069538926682,21.430964978584,62366.0964978584,2.06324011085916,10.1,95,0.0725
"Colorado",8,41.0228855721393,1.46467661691542,21.9293532338308,62705.839800995,2.10049751243781,6.8,86.2,0.029
"Connecticut",9,41.1529987760098,1.48837209302326,23.3219094247246,68663.3451652387,2.01223990208078,7.9,88,0.0635
"Delaware",10,40.8728606356968,1.49022004889976,21.0867970660147,57583.9168704156,2.10880195599022,7.5,83.3,0
"D.C.",11,42.7079318013343,1.51667902149741,28.8042994810971,95437.9006671609,1.79095626389918,7.9,100,0.06
"Florida",12,41.0345027544216,1.48390837924036,19.6793273412583,55103.5352276022,1.94578138590896,8.1,91.2,0.06
"Georgia",13,40.8452520515826,1.50293083235639,19.9026963657679,55539.7075029308,2.09906213364596,6.5,75.1,0.04
"Hawaii",15,41.1372705506784,1.48523543495611,21.6145251396648,53594.7454110136,2.07980845969673,11.7,91.9,0.04
"Idaho",16,40.7628635346756,1.44742729306488,19.9865771812081,53872.5294556301,2.01565995525727,5.5,70.6,0.06
"Illinois",17,40.9501862197393,1.48324022346369,21.7262569832402,61987.3677839851,2.06378026070763,9.3,88.5,0.0625
"Indiana",18,40.6156156156156,1.47672672672673,20.0442942942943,51398.1088588589,2.11561561561562,7.3,72.4,0.07
"Iowa",19,40.5771812080537,1.46500479386385,18.9731543624161,46491.184084372,2.18120805369128,5.2,64,0.06
"Kansas",20,40.7652582159624,1.50046948356808,20.249765258216,54192.7474178404,2.17840375586854,5.8,74.2,0.065
"Kentucky",21,40.725641025641,1.47692307692308,19.9076923076923,56732.2564102564,2.03076923076923,6.5,58.4,0.06
"Louisiana",22,40.6255096097845,1.50378567268492,19.668025626092,53840.3686662784,2.1322073383809,8.6,73.2,0.0445
"Maine",23,41.0297520661157,1.47768595041322,20.3140495867769,48728.3586776859,2.07768595041322,5.1,38.7,0.055
"Maryland",24,41.3168044077135,1.4811753902663,23.5114784205693,66878.2699724518,2.03122130394858,6.5,87.2,0.06
"Massachusetts",25,41.5655913978495,1.48440860215054,23.7602150537634,72806.7994623656,1.91451612903226,9.4,92,0.0625
"Michigan",26,41.0559322033898,1.49435028248588,21.1508474576271,57916.0491525424,2.0909604519774,10,74.6,0.06
"Minnesota",27,41.0178723404255,1.48,21.8885106382979,58988.349787234,1.9268085106383,6.3,73.3,0.06875
"Mississippi",28,40.6645161290323,1.50161290322581,17.8064516129032,46090.7443548387,2.28387096774194,8,49.4,0.07
"Missouri",29,40.9506641366224,1.49525616698292,20.5635673624288,51498.3548387097,2.11480075901328,6.1,70.4,0.04225
"Montana",30,40.8362445414847,1.48034934497817,19.3078602620087,47149.7612809316,2.06331877729258,5.8,55.9,0
"Nebraska",31,40.7555746140652,1.49142367066895,20.343910806175,51641.2873070326,2.073756432247,4.3,73.1,0.055
"Nevada",32,40.4510961214165,1.46880269814503,20.6711635750422,54175.9966273187,2.07504215851602,13.5,94.2,0.0685
"New Hampshire",33,41.1852861035422,1.48138056312443,22.3978201634877,60989.987284287,1.92552225249773,6.7,60.3,0
"New Jersey",34,41.3653209794838,1.49106551952349,23.6783587028458,68699.1594970218,1.95764394440768,9.4,94.7,0.06625
"New Mexico",35,40.554882664648,1.49356548069644,18.4610143830431,44861.61998486,2.21574564723694,7.9,77.4,0.05125
"New York",36,41.2517807370703,1.49055435119232,21.8284298544441,65011.7534840508,2.02353669866832,9.8,87.9,0.04
"North Carolina",37,40.7879310344828,1.47758620689655,19.835632183908,53896.5275862069,2.06551724137931,7.2,66.1,0.0475
"North Dakota",38,40.9432739059968,1.47163695299838,21.1369529983793,53048.9554294976,2.03484602917342,5,59.9,0.05
"Ohio",39,40.9104062326099,1.48302726766834,21.0567612687813,55946.6666666667,2.1118530884808,8.2,77.9,0.0575
"Oklahoma",40,40.5714285714286,1.46031746031746,20.2957393483709,53055.1069340017,2.12781954887218,6.3,66.2,0.045
"Oregon",41,40.969696969697,1.49090909090909,21.0969696969697,61044.9318181818,2.03863636363636,7.6,81,0
"Pennsylvania",42,40.996215704825,1.49716177861873,21.0250709555345,57635.7350993378,2.09697256385998,8.9,78.7,0.06
"Rhode Island",44,41.0854197349043,1.50368188512518,21.9293078055965,60639.0633284241,1.96023564064801,9.2,90.7,0.07
"South Carolina",45,40.9051217464316,1.4928631402183,20.0898404701931,53113.7355163728,2.01343408900084,6,66.3,0.06
"South Dakota",46,40.7772020725389,1.49533678756477,19.4362694300518,47124.7046632124,2.15440414507772,4.2,56.7,0.045
"Tennessee",47,40.8271162123386,1.48421807747489,19.4727403156385,52531.5301291248,2.11262553802009,7.5,66.4,0.07
"Texas",48,40.4776690769885,1.47554232241599,20.3466609953211,57006.9355593364,2.18141216503615,7.7,84.7,0.0625
"Utah",49,40.8319386331939,1.45397489539749,19.918410041841,56290.1610878661,2.03556485355649,4.8,90.6,0.061
"Vermont",50,41.5447154471545,1.5020325203252,22.0934959349593,55317.0365853659,1.95731707317073,5.7,38.9,0.06
"Virginia",51,41.3414481897628,1.48501872659176,23.2434456928839,69799.8177278402,2.00998751560549,6.5,75.5,0.053
"Washington",53,40.9516129032258,1.47192353643967,22.4850657108722,64321.6541218638,1.98864994026284,8.5,84.1,0.065
"West Virginia",54,40.5542359461599,1.48218527315914,19.0095011876485,46021.0158353127,2.24703087885986,8.2,48.7,0.06
"Wisconsin",55,40.7033968516984,1.47638773819387,20.3032311516156,51573.057995029,2.08616404308202,6.4,70.2,0.05
"Wyoming",56,40.80054894785,1.4775846294602,20.156450137237,47936.230558097,2.13540713632205,5.9,64.8,0.04
