"STATE","H_ED","SEX","TOT_IN","PEARNVAL","MARITL","HEA","RES_DIV","AGE"
1,40.7460207612457,1.4878892733564,20.5010380622837,53648.9252595156,3.15294117647059,2.06297577854671,6.01176470588235,42.8193771626298
2,40.9003021148036,1.47129909365559,21.7039274924471,57621.3655589124,3.25075528700906,2.09063444108761,8.96777442094663,42.8610271903323
4,40.5506607929515,1.46769456681351,19.9662261380323,53966.7459618209,3.40748898678414,2.06901615271659,7.99192364170338,41.8325991189427
5,40.7873015873016,1.49365079365079,19.7563492063492,53389.073015873,2.9984126984127,2.13095238095238,6.99603174603175,43.3793650793651
6,40.651411136537,1.45969997457412,21.5846681922197,62848.2275616578,3.54614797864226,2.06737859140605,8.98538011695906,42.4299516908213
8,41.1466395112016,1.46435845213849,22.3207739307536,63917.6914460285,3.07026476578411,2.10896130346232,7.93482688391039,43.6608961303462
9,41.2779874213836,1.48427672955975,23.9081761006289,70466.8264150944,3.24276729559748,2.03018867924528,1.01635220125786,45.1006289308176
10,40.9515527950311,1.48695652173913,21.3366459627329,58313.147826087,3.37018633540373,2.11801242236025,4.94534161490683,43.8298136645963
11,42.7537313432836,1.51865671641791,28.9373134328358,95946.8895522388,4.24776119402985,1.79477611940298,5.05,41.2567164179104
12,41.072828312372,1.48318221702252,19.8192453933899,55522.0011699328,3.44808423515648,1.95057034220532,5.01052939455981,44.7905820415326
13,40.8806851742469,1.50443000590667,20.0230360307147,55921.9273479031,3.38038984051979,2.10632014176019,5.02658003544005,42.6857649143532
15,41.1763285024155,1.48550724637681,21.7133655394525,53806.574879227,3.30032206119163,2.085346215781,8.94524959742351,45.0289855072464
16,40.8458618071374,1.44267274107821,20.292331055429,54735.9354593773,2.79878511769172,2.02201974183751,8.00303720577069,42.0949126803341
17,41.0532066508314,1.48361045130641,22.0855106888361,63078.6536817102,3.34346793349169,2.07268408551069,3.04275534441805,43.483135391924
18,40.7563805104408,1.47409126063418,20.5344160866203,52719.0154679041,3.08584686774942,2.12451662799691,3.04253673627224,42.722351121423
19,40.7188118811881,1.46732673267327,19.4841584158416,47794.1930693069,3.24653465346535,2.18910891089109,4.02871287128713,42.5831683168317
20,40.8806544754572,1.50144369586141,20.6727622714148,55412.4225216554,3.00962463907603,2.18575553416747,4.04042348411935,43.0028873917228
21,40.8385826771654,1.4737532808399,20.3083989501312,57936.0236220472,2.97637795275591,2.04724409448819,5.94619422572178,42.9396325459318
22,40.6609870740306,1.50352526439483,19.8196239717979,54276.6933019977,3.41010575793185,2.13748531139835,6.99882491186839,43.5311398354877
23,41.1283783783784,1.47466216216216,20.7111486486486,49715.472972973,3.38851351351351,2.08783783783784,1.02027027027027,45.8091216216216
24,41.4496707431797,1.48447789275635,23.9887111947319,68316.2718720602,3.37064910630292,2.04045155221072,5.02539981185325,44.2841015992474
25,41.6694078947368,1.48355263157895,24.0625,73695.3152412281,3.50274122807018,1.92269736842105,1.08497807017544,43.4073464912281
26,41.1709154113557,1.49420625724218,21.6147161066049,59259.3180764774,3.24275782155272,2.09849362688297,3.00811123986095,43.5446118192352
27,41.2012356575463,1.4783759929391,22.6072374227714,61010.7740511915,3.04854368932039,1.94527802294793,4.0414827890556,42.7078552515446
28,40.7043973941368,1.50081433224756,17.9299674267101,46449.5228013029,3.20928338762215,2.29153094462541,6.00977198697068,44.0472312703583
29,41.0515564202335,1.49805447470817,20.9980544747082,52657.6789883269,3.0875486381323,2.13132295719844,4.01556420233463,43.6303501945525
30,40.9633781763827,1.48206278026906,19.737668161435,48251.0979073244,2.98056801195815,2.07772795216741,7.97907324364723,43.6397608370703
31,40.9106194690265,1.48938053097345,20.9203539823009,53157.9097345133,2.93185840707965,2.09380530973451,4.01946902654867,43.7336283185841
32,40.4770408163265,1.46853741496599,20.8163265306122,54574.2448979592,3.39795918367347,2.07908163265306,7.97534013605442,43.6130952380952
33,41.3211951447246,1.48085901027078,22.922502334267,62534.5639589169,3.01680672268908,1.94117647058824,1.08870214752568,45.311858076564
34,41.4427223719677,1.49191374663073,24.0330188679245,69824.7931266847,3.17452830188679,1.96563342318059,2.02425876010782,45.105795148248
35,40.5765422696116,1.49200304645849,18.5544554455446,45099.2003046459,3.53846153846154,2.21706016755522,7.96953541507997,44.056359482102
36,41.3274559193955,1.4911838790932,22.1142947103275,65942.059508816,3.61870277078086,2.02770780856423,2.05761964735516,43.4874055415617
37,40.8770491803279,1.47775175644028,20.1533957845433,54799.0661592505,3.21604215456674,2.07728337236534,4.99824355971897,42.8214285714286
38,41.0646766169154,1.47346600331675,21.5199004975124,54061.8325041459,3.22470978441128,2.04477611940298,4.01409618573798,42.0257048092869
39,41.053264604811,1.48453608247423,21.6019473081329,57472.7989690722,3.11397479954181,2.12371134020619,3.03035509736541,43.9684994272623
40,40.640306122449,1.4608843537415,20.5663265306122,53833.8979591836,3.02210884353741,2.13265306122449,6.97959183673469,42.6947278911565
41,41.0837858805275,1.49030256012413,21.5197827773468,62034.5779674166,3.20170674941815,2.05120248254461,8.94181536074476,41.9837083010085
42,41.1157945736434,1.49563953488372,21.4898255813953,58961.6220930233,3.34738372093023,2.11046511627907,2.03536821705426,43.7577519379845
44,41.1744360902256,1.49473684210526,22.3368421052632,61809.2240601504,3.41954887218045,1.96541353383459,1.07518796992481,43.4345864661654
45,40.96933560477,1.49318568994889,20.335604770017,53805.2666098807,3.2350936967632,2.01959114139693,4.98807495741056,44.3867120954003
46,40.9389721627409,1.49785867237687,19.9957173447537,48531.8115631692,2.92826552462527,2.17023554603854,4.01070663811563,43.8811563169165
47,40.8922852983988,1.48326055312955,19.7088791848617,53212.673216885,3.2707423580786,2.12081513828239,6.00072780203785,42.8289665211063
48,40.5335201552059,1.47725802974779,20.551627505928,57644.921965941,3.25975425738306,2.18904936408709,7.00107781849537,42.9943953438241
49,41.0094134685011,1.45546705286025,20.5409123823316,58196.6690803765,2.79435191889935,2.05286024619841,7.99565532223027,40.9978276611151
50,41.6997907949791,1.5010460251046,22.6056485355649,56646.5020920502,3.03870292887029,1.97907949790795,1.0397489539749,46.4811715481172
51,41.410386320456,1.48575047498417,23.5224825839139,70691.766941102,3.27485750474984,2.01013299556681,5.05763141228626,42.9626345788474
53,41.0248786407767,1.46844660194175,22.8009708737864,65285.4095873787,3.04368932038835,1.99696601941748,8.97754854368932,42.683859223301
54,40.5987210231815,1.4828137490008,19.1694644284572,46419.6171063149,2.94084732214229,2.25499600319744,5.00079936051159,44.1862509992006
55,40.9186147186147,1.47532467532468,21.1004329004329,53687.1324675325,3.02683982683983,2.10735930735931,3.01038961038961,43.8813852813853
56,40.8917910447761,1.47481343283582,20.4869402985075,48755.0242537313,2.98227611940298,2.13899253731343,7.94869402985075,43.6893656716418
